x <- c(4.627,2.478,15.180,12.977,11.486,11.064,10.884,14.442,8.357,11.841,2.967,11.187,1.370,1.996,7.172,9.909,4.090,6.299,11.808,14.332,15.859,13.033,12.095,10.133,9.137,7.604,16.308,3.741,14.452,6.653,8.772,14.632,9.444,14.937,8.184,8.507,13.558,13.779,10.023,10.232,9.605,13.863,11.386,12.106,7.211,7.560,14.838,12.334,7.347,11.341,15.232,11.793,7.409,8.266,10.448,11.697,13.244,6.392,13.969,15.260,15.811,4.896,11.519,10.910,10.772,13.536,4.198,12.000,10.143,5.221,13.132,11.400,6.261,11.160,11.838,7.608,8.648,15.378,14.639,4.440,14.406,12.861,10.832,5.892,9.237,5.536,7.644,13.502,10.777,12.675,7.272,13.774,5.332,6.779,11.197,12.749,5.582,8.366,13.971,10.085,14.966,11.763,13.962,5.816,12.531,7.336,15.053,16.161,8.558,6.483,7.929,9.549,7.050,9.214,13.399,10.372,5.749,7.785,1.603,10.128,11.101,10.389,11.812,15.616,12.203,9.628,9.539,13.053,13.088,13.430,10.889,13.335,9.918,15.672,12.680,7.555,8.683,11.599,11.351,10.257,9.603,11.722,12.294,10.466,8.914,14.749,7.901,12.568,9.061,9.805,12.315,12.869,8.721,3.094,9.134,11.822,14.853,7.200,10.754,13.681,13.043,12.472,9.898,7.422,12.664,10.630,8.836,6.955,4.772,10.833,14.346,13.269,10.238,14.529,5.224,11.392,15.089,12.783,8.113,11.071,5.072,14.405,13.839,8.794,14.092,11.431,12.530,13.938,8.811,13.278,9.994,8.821,3.004,10.881,14.062,7.413,8.555,13.064,7.861,9.224,16.381,6.807,5.888,1.548,5.783,13.428,9.514,6.471,9.973,12.215,6.061,8.067,9.815,2.993,8.850,3.549,10.001,9.736,11.541,4.700,5.426,8.690,9.559,10.428,13.788,12.977,10.257,9.564,6.574,9.936,11.548,7.619,13.667,11.791,16.141,3.418,6.315,14.583,11.957,9.058,10.832,7.965,8.302,5.689,11.468,7.628,15.912,4.463,9.870,12.457,11.103,9.687,5.495,9.013,3.742,11.880,15.338,12.530,6.459,7.065,10.516,8.284,15.769,15.107,11.533,11.075,12.459,13.342,13.452,5.963,14.567,4.094,13.424,4.491,10.709,10.731,5.412,14.155,12.128,1.359,9.022,12.232,4.412,5.613,4.701,5.787,16.298,10.631,5.450,9.981,10.157,6.856,12.574,8.247,7.402,8.085,11.891,11.364,13.156,7.252,6.905,7.101,8.541,10.751,12.356,5.619,15.460,8.179,15.873,12.347,8.174,8.670,11.568,9.690,12.031,11.163,13.934,9.446,11.632,11.988,15.181,5.953,12.115,11.988,7.510,7.772,8.566,14.083,14.004,10.398,11.550,16.378,5.543,5.696,11.487,15.607,14.700,15.668,14.673,10.435,12.311,11.811,6.748,4.633,1.845,9.440,11.336,5.329,14.852,10.016,12.518,14.372,12.458,15.207,8.852,6.613,9.170,15.946,13.912,10.865,10.420,14.250,7.193,6.691,10.621,13.327,10.797,6.255,8.154,9.665,12.639,13.597,12.106,8.352,12.123,7.664,8.781,12.483,12.928,9.280,10.964,8.668,7.674,5.020,14.517,10.803,5.687,9.976,6.669,12.037,9.558,12.966,8.972,3.362,3.155,13.116,7.415,11.076,10.402,5.138)
y <- c(0.792,1.561,0.201,0.654,2.636,2.230,0.556,0.561,0.515,2.417,2.782,2.862,2.703,1.847,1.345,1.331,2.049,2.372,0.693,1.077,0.664,1.456,0.004,2.668,0.188,1.636,0.796,2.276,1.032,1.572,0.350,0.732,0.030,1.037,2.499,0.166,2.136,1.433,0.592,2.425,2.512,0.523,2.529,2.588,1.240,0.933,0.379,0.614,2.451,1.996,0.520,2.058,2.377,0.016,0.460,1.769,0.297,1.253,1.936,0.428,0.320,2.616,1.512,1.188,1.888,0.938,1.569,1.295,2.912,2.372,0.967,0.990,0.772,1.697,1.334,0.287,2.004,1.189,0.392,1.846,0.799,0.039,0.397,1.467,1.405,1.181,0.785,1.439,0.877,1.874,2.972,0.294,0.277,2.849,2.067,0.434,2.149,2.248,1.232,2.712,1.700,0.368,0.589,0.767,0.491,0.217,0.179,0.971,1.206,2.646,2.571,0.818,1.949,2.333,0.472,2.087,0.949,2.161,2.221,1.380,2.444,1.730,0.172,0.249,3.007,3.098,2.854,1.135,0.130,0.707,0.930,0.630,2.121,0.148,1.640,2.195,0.314,1.869,1.193,3.130,2.123,0.857,1.830,2.894,1.581,1.553,0.687,0.209,1.933,1.557,0.989,2.163,0.918,2.436,0.583,0.530,0.007,0.443,2.665,1.767,1.808,2.372,0.908,1.757,1.314,0.696,0.613,1.402,1.662,0.289,0.052,0.797,1.886,0.223,1.138,3.006,1.369,2.558,2.753,0.517,1.491,1.394,0.253,0.463,0.120,0.043,0.655,0.421,0.764,1.962,0.749,2.564,1.330,2.468,1.578,0.865,1.765,1.653,1.948,2.072,0.622,0.061,2.052,2.582,0.900,1.618,1.235,2.915,1.611,0.382,0.344,1.415,2.945,3.130,3.064,1.133,1.922,1.069,2.291,2.226,1.700,1.489,0.412,1.395,0.928,1.397,0.082,1.837,3.104,0.245,3.041,0.498,0.085,2.811,0.103,2.534,1.752,0.167,2.807,1.007,2.950,0.134,3.026,1.038,0.342,2.807,0.072,3.116,0.282,0.326,1.724,2.362,3.126,1.769,1.824,0.799,1.512,1.610,0.202,2.606,0.079,2.347,0.837,0.863,1.505,1.444,2.779,1.277,1.191,2.607,1.893,0.956,0.086,2.518,0.238,1.951,2.879,2.092,1.831,3.046,2.975,2.207,2.818,2.319,1.343,0.638,0.276,1.661,2.597,0.437,0.882,2.119,1.339,1.713,3.055,1.402,2.027,0.742,2.344,2.711,1.053,0.078,2.785,1.545,2.101,0.489,0.026,0.945,0.492,1.493,1.957,0.761,1.024,0.126,3.043,0.122,0.992,1.741,0.206,2.570,0.350,1.943,1.550,1.678,0.357,1.575,1.075,1.253,0.747,1.126,1.235,0.449,0.393,0.514,2.231,1.012,1.214,1.328,0.562,2.185,0.162,0.560,0.604,2.882,2.229,1.545,2.768,1.332,0.611,0.636,0.841,1.742,0.821,0.691,2.554,2.379,1.277,1.148,0.758,0.716,2.488,0.343,1.871,1.565,1.041,0.463,2.273,1.800,3.008,1.075,2.004,1.101,1.159,1.236,2.334,0.641,2.814,1.092,1.139,2.739,3.095,2.134,1.139,1.953,0.904,2.709,2.858,2.294,2.153,1.035,2.607,0.897,2.315,2.113,2.826,0.258,1.084,1.367,1.208,0.637)
z <- c(-1.000,-1.000,-1.000,-1.000,-1.000,-1.000,1.000,-1.000,-1.000,-1.000,1.000,-1.000,-1.000,-1.000,1.000,-1.000,1.000,1.000,-1.000,-1.000,-1.000,1.000,1.000,1.000,-1.000,-1.000,1.000,1.000,-1.000,-1.000,-1.000,-1.000,-1.000,1.000,-1.000,1.000,-1.000,-1.000,-1.000,1.000,1.000,1.000,1.000,1.000,-1.000,-1.000,-1.000,1.000,1.000,-1.000,1.000,1.000,-1.000,1.000,-1.000,-1.000,-1.000,-1.000,-1.000,1.000,-1.000,-1.000,1.000,1.000,1.000,-1.000,1.000,1.000,1.000,-1.000,-1.000,1.000,1.000,1.000,1.000,1.000,-1.000,-1.000,-1.000,1.000,1.000,-1.000,1.000,-1.000,-1.000,1.000,-1.000,-1.000,1.000,-1.000,1.000,-1.000,1.000,-1.000,-1.000,1.000,-1.000,-1.000,-1.000,-1.000,1.000,-1.000,1.000,1.000,1.000,-1.000,1.000,1.000,-1.000,-1.000,1.000,-1.000,1.000,-1.000,-1.000,1.000,1.000,-1.000,-1.000,1.000,1.000,-1.000,1.000,1.000,-1.000,-1.000,-1.000,-1.000,-1.000,1.000,-1.000,-1.000,-1.000,-1.000,1.000,1.000,1.000,-1.000,-1.000,1.000,-1.000,-1.000,1.000,1.000,-1.000,-1.000,-1.000,-1.000,1.000,1.000,1.000,1.000,1.000,1.000,1.000,-1.000,1.000,1.000,1.000,1.000,-1.000,1.000,-1.000,1.000,-1.000,1.000,1.000,-1.000,1.000,-1.000,-1.000,-1.000,-1.000,-1.000,1.000,1.000,-1.000,-1.000,-1.000,1.000,1.000,1.000,1.000,1.000,-1.000,-1.000,1.000,1.000,1.000,1.000,-1.000,1.000,-1.000,-1.000,1.000,-1.000,-1.000,-1.000,1.000,1.000,1.000,-1.000,1.000,-1.000,1.000,-1.000,-1.000,-1.000,1.000,-1.000,-1.000,-1.000,-1.000,1.000,1.000,-1.000,-1.000,-1.000,1.000,-1.000,-1.000,1.000,1.000,1.000,1.000,1.000,1.000,1.000,-1.000,1.000,1.000,-1.000,1.000,1.000,1.000,1.000,-1.000,1.000,-1.000,-1.000,-1.000,1.000,-1.000,1.000,1.000,1.000,1.000,-1.000,-1.000,1.000,1.000,-1.000,1.000,-1.000,1.000,1.000,1.000,1.000,-1.000,-1.000,1.000,1.000,-1.000,1.000,1.000,-1.000,-1.000,1.000,1.000,1.000,1.000,-1.000,1.000,-1.000,1.000,1.000,1.000,1.000,1.000,-1.000,1.000,-1.000,-1.000,1.000,1.000,1.000,1.000,-1.000,1.000,-1.000,1.000,-1.000,-1.000,1.000,1.000,1.000,1.000,-1.000,-1.000,1.000,-1.000,-1.000,-1.000,-1.000,-1.000,-1.000,-1.000,1.000,-1.000,-1.000,-1.000,1.000,-1.000,-1.000,-1.000,-1.000,1.000,1.000,-1.000,-1.000,1.000,-1.000,-1.000,-1.000,-1.000,1.000,1.000,-1.000,-1.000,-1.000,-1.000,1.000,1.000,1.000,1.000,-1.000,1.000,1.000,-1.000,1.000,1.000,-1.000,1.000,-1.000,-1.000,-1.000,1.000,1.000,1.000,-1.000,-1.000,-1.000,1.000,1.000,-1.000,-1.000,1.000,1.000,1.000,1.000,-1.000,1.000,-1.000,1.000,1.000,-1.000,-1.000,1.000,-1.000,1.000,-1.000,1.000,1.000,1.000,-1.000,-1.000,1.000,1.000,-1.000,1.000,-1.000,1.000,1.000,-1.000,-1.000,-1.000,1.000,1.000,1.000,-1.000,-1.000,1.000,1.000,1.000,1.000,1.000,-1.000,-1.000,1.000,-1.000)
library("plotrix")
png("E:\\coding\\RBF\\hidden4.3.png")
plot(data.frame(x=x, y=y, names=c(1:length(x)), row.names="names"), col=color.scale(z,c(0,1,1),c(1,1,0),0),